LABPAKCO_00001	HKIDPCCJ_00001	58.7	387	157	2	1	385	117	502	2.10e-151	434
LABPAKCO_00002	HKIDPCCJ_00002	56.5	379	162	1	1	379	1	376	8.09e-142	404
LABPAKCO_00005	HKIDPCCJ_00004	74.9	630	157	1	16	645	23	651	0.0	943
LABPAKCO_00005	HKIDPCCJ_01065	49.7	640	298	11	16	643	11	638	1.56e-201	577
LABPAKCO_00006	HKIDPCCJ_00005	62.8	803	297	1	10	812	11	811	0.0	984
LABPAKCO_00006	HKIDPCCJ_01064	40.2	687	397	6	10	689	7	686	4.16e-161	486
LABPAKCO_00009	HKIDPCCJ_00007	55.8	197	55	2	1	190	1	172	7.62e-58	176
LABPAKCO_00103	HKIDPCCJ_00034	56.1	645	274	5	1	644	1	637	2.84e-256	716
LABPAKCO_00103	HKIDPCCJ_00310	37.7	199	116	1	7	197	16	214	5.55e-35	137
LABPAKCO_00103	HKIDPCCJ_01300	25.0	424	265	12	8	406	12	407	2.24e-21	94.4
LABPAKCO_00168	HKIDPCCJ_01028	34.1	511	333	2	2	511	19	526	9.79e-100	306
LABPAKCO_00168	HKIDPCCJ_01027	35.0	514	313	8	5	511	22	521	3.13e-90	282
LABPAKCO_00168	HKIDPCCJ_00029	28.7	453	303	10	67	509	93	535	4.20e-47	167
LABPAKCO_00168	HKIDPCCJ_01943	27.6	435	273	14	92	505	108	521	2.94e-34	131
LABPAKCO_00168	HKIDPCCJ_00038	24.2	471	318	11	63	511	78	531	9.32e-32	124
LABPAKCO_00168	HKIDPCCJ_00648	24.5	477	320	14	48	511	67	516	1.98e-29	117
LABPAKCO_00168	HKIDPCCJ_01998	24.5	432	295	12	92	510	106	519	4.57e-25	104
LABPAKCO_00168	HKIDPCCJ_00427	27.1	417	259	16	109	497	145	544	7.98e-22	94.7
LABPAKCO_00168	HKIDPCCJ_00775	26.4	333	211	11	173	483	202	522	1.41e-21	94.0
LABPAKCO_00168	HKIDPCCJ_01903	24.6	423	283	10	91	491	116	524	1.76e-19	87.4
LABPAKCO_00168	HKIDPCCJ_00592	31.4	175	111	4	314	481	338	510	3.01e-18	83.6
LABPAKCO_00168	HKIDPCCJ_02014	27.6	174	120	4	326	494	364	536	3.69e-16	77.0
LABPAKCO_00168	HKIDPCCJ_01803	29.5	200	127	7	304	494	5	199	1.20e-15	74.3
LABPAKCO_00168	HKIDPCCJ_01902	22.4	469	308	14	47	470	88	545	1.59e-15	75.1
LABPAKCO_00168	HKIDPCCJ_00637	27.6	214	129	6	306	500	20	226	1.73e-13	66.6
LABPAKCO_00168	HKIDPCCJ_00638	30.6	206	117	7	314	500	13	211	4.73e-13	65.1
LABPAKCO_00168	HKIDPCCJ_01874	27.1	181	116	5	331	511	347	511	8.63e-13	66.2
LABPAKCO_00168	HKIDPCCJ_00407	24.5	188	107	7	328	496	31	202	2.31e-09	54.7
LABPAKCO_00394	HKIDPCCJ_01488	33.3	941	414	17	10	750	6	932	1.36e-149	457
LABPAKCO_00394	HKIDPCCJ_01829	31.7	811	458	18	10	732	9	811	4.08e-126	392
LABPAKCO_00394	HKIDPCCJ_00078	36.8	68	43	0	639	706	125	192	2.75e-06	46.2
LABPAKCO_00394	HKIDPCCJ_00638	39.7	68	38	2	331	398	141	205	1.09e-05	43.5
LABPAKCO_00394	HKIDPCCJ_00038	28.9	83	53	3	331	411	451	529	8.17e-05	41.6
LABPAKCO_00753	HKIDPCCJ_00403	77.3	322	73	0	5	326	8	329	2.31e-188	518
LABPAKCO_00753	HKIDPCCJ_00049	32.4	340	186	10	9	310	15	348	2.57e-48	162
LABPAKCO_00839	HKIDPCCJ_00049	72.5	382	98	3	1	378	1	379	1.46e-194	538
LABPAKCO_00854	HKIDPCCJ_00047	53.6	338	153	3	4	339	8	343	3.41e-110	322
LABPAKCO_00977	HKIDPCCJ_01084	57.1	571	243	2	18	588	10	578	1.09e-226	636
LABPAKCO_00977	HKIDPCCJ_01902	29.7	592	373	12	25	579	20	605	2.49e-73	242
LABPAKCO_00977	HKIDPCCJ_00592	27.5	487	351	2	101	586	81	566	3.32e-62	211
LABPAKCO_00977	HKIDPCCJ_00427	30.9	246	165	2	347	589	342	585	2.16e-35	136
LABPAKCO_00977	HKIDPCCJ_01943	28.2	429	272	13	133	547	106	512	8.74e-31	122
LABPAKCO_00977	HKIDPCCJ_02014	31.0	226	152	3	348	572	341	563	5.22e-30	120
LABPAKCO_00977	HKIDPCCJ_00029	35.3	201	124	4	347	546	326	521	6.91e-30	119
LABPAKCO_00977	HKIDPCCJ_00648	33.9	186	108	6	349	533	321	492	9.96e-23	97.8
LABPAKCO_00977	HKIDPCCJ_00038	22.7	466	312	16	99	544	76	513	1.01e-21	94.7
LABPAKCO_00977	HKIDPCCJ_00637	29.0	238	144	7	366	587	37	265	4.92e-20	86.3
LABPAKCO_00977	HKIDPCCJ_01028	21.5	543	367	23	27	547	6	511	9.43e-20	88.6
LABPAKCO_00977	HKIDPCCJ_00638	28.6	245	138	9	366	587	20	250	3.53e-18	80.5
LABPAKCO_00977	HKIDPCCJ_01027	27.5	189	126	5	360	547	328	506	4.50e-16	77.0
LABPAKCO_00977	HKIDPCCJ_00078	26.5	204	128	8	349	547	6	192	2.47e-09	55.5
LABPAKCO_01272	HKIDPCCJ_01874	53.2	513	238	2	1	511	1	513	4.67e-191	540
LABPAKCO_01272	HKIDPCCJ_00416	33.5	510	336	3	1	507	1	510	9.94e-106	326
LABPAKCO_01272	HKIDPCCJ_00884	28.1	512	359	6	3	507	1	510	3.13e-64	214
LABPAKCO_01272	HKIDPCCJ_01150	24.9	542	308	16	1	496	1	489	3.47e-28	113
LABPAKCO_01272	HKIDPCCJ_00797	22.2	546	329	13	1	503	1	493	5.69e-25	103
LABPAKCO_01272	HKIDPCCJ_01888	29.6	189	98	3	3	191	4	157	6.45e-19	81.6
LABPAKCO_01272	HKIDPCCJ_00029	29.1	213	128	7	4	214	328	519	1.28e-13	68.9
LABPAKCO_01272	HKIDPCCJ_01635	24.8	242	133	6	3	234	4	206	6.95e-13	64.3
LABPAKCO_01272	HKIDPCCJ_01639	23.3	240	151	7	2	234	301	514	2.09e-11	62.0
LABPAKCO_01272	HKIDPCCJ_02014	25.4	193	115	6	4	191	342	510	3.42e-10	58.2
LABPAKCO_01272	HKIDPCCJ_00648	23.3	219	126	5	2	214	319	501	7.38e-10	57.0
LABPAKCO_01272	HKIDPCCJ_00144	24.4	250	147	8	2	234	7	231	1.63e-08	51.6
LABPAKCO_01272	HKIDPCCJ_00592	25.5	235	137	8	4	227	330	537	1.67e-08	52.8
LABPAKCO_01272	HKIDPCCJ_01803	21.0	238	141	6	4	227	7	211	2.04e-08	52.0
LABPAKCO_01272	HKIDPCCJ_01903	21.8	202	116	4	15	204	344	515	2.45e-06	45.8
LABPAKCO_01272	HKIDPCCJ_01998	24.3	218	131	8	4	217	318	505	1.24e-05	43.5
LABPAKCO_01272	HKIDPCCJ_00775	23.5	251	165	11	4	249	339	567	5.16e-05	41.6
LABPAKCO_01272	HKIDPCCJ_00038	21.8	239	128	8	2	222	323	520	1.14e-04	40.4
LABPAKCO_01328	HKIDPCCJ_00048	34.8	420	271	3	1	419	1	418	1.38e-78	247
LABPAKCO_01390	HKIDPCCJ_00310	79.4	698	144	0	1	698	1	698	0.0	1113
LABPAKCO_01390	HKIDPCCJ_01536	27.5	476	316	8	9	477	8	461	9.40e-49	175
LABPAKCO_01390	HKIDPCCJ_00034	31.8	255	123	4	16	270	7	210	4.14e-30	122
LABPAKCO_01390	HKIDPCCJ_00803	35.4	175	103	3	13	182	14	183	5.69e-20	90.1
LABPAKCO_01459	HKIDPCCJ_02013	48.6	601	271	7	1	567	1	597	1.51e-176	509
LABPAKCO_01459	HKIDPCCJ_00614	27.9	527	363	10	49	567	199	716	9.33e-47	171
LABPAKCO_01459	HKIDPCCJ_00622	36.8	234	145	3	335	567	91	322	2.72e-41	148
LABPAKCO_01459	HKIDPCCJ_02014	25.0	531	376	11	46	567	56	573	3.32e-35	135
LABPAKCO_01459	HKIDPCCJ_00029	33.2	205	134	3	335	539	328	529	6.71e-29	116
LABPAKCO_01459	HKIDPCCJ_00592	28.6	231	163	2	335	564	330	559	2.13e-24	103
LABPAKCO_01459	HKIDPCCJ_01943	26.5	257	178	6	260	516	252	497	3.66e-18	83.6
LABPAKCO_01459	HKIDPCCJ_00648	30.3	185	115	7	335	518	321	492	1.39e-16	78.6
LABPAKCO_01459	HKIDPCCJ_01027	31.1	180	117	4	325	504	308	480	1.26e-14	72.4
LABPAKCO_01459	HKIDPCCJ_00638	28.2	238	147	9	335	557	5	233	2.30e-13	66.2
LABPAKCO_01459	HKIDPCCJ_00637	25.3	229	164	4	335	557	21	248	5.04e-13	65.5
LABPAKCO_01459	HKIDPCCJ_01028	29.7	155	105	3	362	516	347	497	8.37e-13	66.6
LABPAKCO_01459	HKIDPCCJ_00038	28.8	163	82	3	368	516	359	501	1.04e-11	63.2
LABPAKCO_01460	HKIDPCCJ_02014	47.3	573	300	1	7	577	7	579	1.51e-191	546
LABPAKCO_01460	HKIDPCCJ_00622	32.5	335	205	10	252	577	3	325	2.89e-42	150
LABPAKCO_01460	HKIDPCCJ_00614	32.5	323	201	7	264	577	405	719	1.27e-39	150
LABPAKCO_01460	HKIDPCCJ_00593	23.9	545	377	11	50	572	54	582	2.96e-39	147
LABPAKCO_01460	HKIDPCCJ_01902	34.9	232	147	3	343	572	380	609	2.36e-38	145
LABPAKCO_01460	HKIDPCCJ_00592	29.0	269	187	2	314	578	301	569	2.56e-37	142
LABPAKCO_01460	HKIDPCCJ_02013	24.4	554	357	13	67	571	57	597	2.02e-36	139
LABPAKCO_01460	HKIDPCCJ_01903	32.6	236	155	3	339	571	331	565	4.80e-34	132
LABPAKCO_01460	HKIDPCCJ_01943	32.0	244	157	4	293	536	278	512	1.15e-29	119
LABPAKCO_01460	HKIDPCCJ_00427	30.0	247	160	4	338	576	342	583	2.24e-27	112
LABPAKCO_01460	HKIDPCCJ_00776	22.6	554	390	15	40	574	58	591	7.42e-27	110
LABPAKCO_01460	HKIDPCCJ_00029	24.3	445	329	7	98	539	86	525	3.12e-26	108
LABPAKCO_01460	HKIDPCCJ_00089	31.2	234	143	8	340	564	10	234	7.36e-24	97.1
LABPAKCO_01460	HKIDPCCJ_00648	27.5	335	208	12	215	535	190	503	1.69e-23	100
LABPAKCO_01460	HKIDPCCJ_00638	28.6	224	137	7	355	562	18	234	3.83e-22	92.0
LABPAKCO_01460	HKIDPCCJ_01028	24.2	434	285	12	118	533	101	508	1.26e-21	94.4
LABPAKCO_01460	HKIDPCCJ_01027	25.8	279	187	6	262	536	244	506	1.64e-20	90.9
LABPAKCO_01460	HKIDPCCJ_01858	30.0	227	137	9	338	550	3	221	2.41e-18	80.9
LABPAKCO_01460	HKIDPCCJ_00038	30.4	217	137	6	319	533	309	513	8.50e-18	82.4
LABPAKCO_01460	HKIDPCCJ_01998	25.7	237	164	7	315	549	294	520	1.09e-17	82.0
LABPAKCO_01460	HKIDPCCJ_01803	27.4	186	120	3	355	533	21	198	8.49e-15	72.0
LABPAKCO_01460	HKIDPCCJ_00637	26.1	238	160	4	351	577	31	263	1.92e-14	69.7
LABPAKCO_01460	HKIDPCCJ_01888	30.8	185	108	6	353	533	16	184	4.27e-14	67.8
LABPAKCO_01460	HKIDPCCJ_01639	23.5	247	142	8	346	565	12	238	5.18e-13	67.4
LABPAKCO_01460	HKIDPCCJ_00416	24.1	232	132	9	345	568	329	524	6.88e-12	63.9
LABPAKCO_01460	HKIDPCCJ_01874	28.0	182	100	7	353	508	15	191	6.13e-09	54.3
LABPAKCO_01460	HKIDPCCJ_01133	23.9	218	154	6	352	558	20	236	1.11e-07	49.3
LABPAKCO_01612	HKIDPCCJ_01943	31.3	428	278	9	101	515	101	525	1.81e-53	185
LABPAKCO_01612	HKIDPCCJ_01998	28.0	522	365	8	2	517	4	520	1.34e-50	177
LABPAKCO_01612	HKIDPCCJ_00038	22.5	373	262	7	106	460	110	473	2.97e-19	86.7
LABPAKCO_01612	HKIDPCCJ_00700	30.6	134	82	3	328	460	13	136	1.44e-09	55.1
LABPAKCO_01612	HKIDPCCJ_00144	27.5	160	93	4	320	459	11	167	7.31e-06	43.5
LABPAKCO_01699	HKIDPCCJ_01300	72.5	608	167	0	1	608	1	608	0.0	904
LABPAKCO_01699	HKIDPCCJ_00803	25.5	510	303	16	7	476	13	485	2.24e-39	149
LABPAKCO_01699	HKIDPCCJ_01536	33.3	180	108	3	2	172	3	179	2.62e-23	99.8
LABPAKCO_01699	HKIDPCCJ_00034	30.4	306	176	10	12	290	8	303	7.02e-23	99.0
LABPAKCO_01699	HKIDPCCJ_00793	38.1	139	68	2	10	147	387	508	8.29e-17	80.1
LABPAKCO_01957	HKIDPCCJ_01065	71.4	647	180	5	3	648	6	648	0.0	900
LABPAKCO_01957	HKIDPCCJ_00004	51.7	635	294	10	8	637	23	649	1.17e-209	598
LABPAKCO_01958	HKIDPCCJ_01064	59.8	805	319	2	5	805	6	809	0.0	948
LABPAKCO_01958	HKIDPCCJ_00005	40.0	817	460	7	6	809	11	810	4.45e-186	550
LABPAKCO_02342	HKIDPCCJ_00007	50.0	174	75	2	1	164	1	172	1.29e-49	154
LABPAKCO_02361	HKIDPCCJ_00047	27.1	336	239	4	1	333	4	336	8.98e-36	129
LABPAKCO_02399	HKIDPCCJ_01903	34.3	560	359	5	7	564	13	565	6.11e-100	311
LABPAKCO_02399	HKIDPCCJ_00592	33.5	559	367	4	14	571	15	569	2.14e-92	291
LABPAKCO_02399	HKIDPCCJ_00775	30.0	503	309	8	85	564	90	572	5.47e-57	197
LABPAKCO_02399	HKIDPCCJ_00593	25.5	546	396	6	30	569	46	586	1.09e-43	160
LABPAKCO_02399	HKIDPCCJ_00776	25.6	550	385	10	31	564	47	588	6.76e-42	155
LABPAKCO_02399	HKIDPCCJ_00622	29.6	331	213	7	244	565	4	323	3.37e-35	131
LABPAKCO_02399	HKIDPCCJ_00427	31.7	243	159	4	330	568	343	582	2.23e-27	112
LABPAKCO_02399	HKIDPCCJ_00029	36.6	153	95	2	351	502	347	498	3.05e-21	93.2
LABPAKCO_02399	HKIDPCCJ_01943	34.1	185	117	5	334	516	321	502	1.63e-19	87.8
LABPAKCO_02399	HKIDPCCJ_02014	27.4	263	184	5	305	564	315	573	1.01e-18	85.5
LABPAKCO_02399	HKIDPCCJ_00648	29.7	202	121	6	314	508	300	487	1.05e-16	79.0
LABPAKCO_02399	HKIDPCCJ_00038	28.1	185	125	2	331	513	325	503	1.07e-16	79.0
LABPAKCO_02399	HKIDPCCJ_01027	22.0	345	238	9	181	516	176	498	5.72e-16	76.6
LABPAKCO_02399	HKIDPCCJ_01028	26.3	354	211	14	182	516	181	503	2.56e-12	65.1
LABPAKCO_02399	HKIDPCCJ_00637	28.2	163	99	4	362	512	51	207	1.37e-10	58.2
LABPAKCO_02399	HKIDPCCJ_00638	31.6	152	84	6	362	499	34	179	3.83e-10	56.6
LABPAKCO_02399	HKIDPCCJ_01150	23.6	165	105	3	344	507	327	471	5.15e-04	38.5
LABPAKCO_02526	HKIDPCCJ_00637	64.8	247	86	1	27	272	20	266	3.17e-114	325
LABPAKCO_02526	HKIDPCCJ_00638	53.6	248	113	1	27	272	4	251	1.11e-96	280
LABPAKCO_02526	HKIDPCCJ_00671	33.3	237	147	6	37	270	11	239	1.72e-31	115
LABPAKCO_02526	HKIDPCCJ_00753	31.3	252	146	10	26	258	7	250	5.42e-23	92.4
LABPAKCO_02526	HKIDPCCJ_00234	31.5	235	141	6	32	258	5	227	1.05e-22	92.0
LABPAKCO_02526	HKIDPCCJ_00427	28.7	261	159	9	18	265	334	580	4.11e-21	88.6
LABPAKCO_02526	HKIDPCCJ_02014	27.3	231	151	4	21	245	335	554	3.08e-18	80.1
LABPAKCO_02526	HKIDPCCJ_01028	30.8	211	130	7	25	232	318	515	1.76e-17	77.8
LABPAKCO_02526	HKIDPCCJ_01027	31.4	204	118	7	28	226	318	504	2.84e-15	71.2
LABPAKCO_02526	HKIDPCCJ_01897	23.4	222	153	6	27	246	1	207	6.03e-15	69.3
LABPAKCO_02526	HKIDPCCJ_00029	29.8	208	124	6	28	227	328	521	9.41e-15	69.7
LABPAKCO_02526	HKIDPCCJ_00592	29.0	186	126	3	38	222	342	522	1.89e-13	65.9
LABPAKCO_02526	HKIDPCCJ_01943	32.3	201	111	7	47	242	341	521	1.08e-12	63.5
LABPAKCO_02526	HKIDPCCJ_00038	26.7	191	123	5	39	226	338	514	2.74e-11	59.3
LABPAKCO_02526	HKIDPCCJ_00648	27.4	201	127	5	28	227	321	503	5.09e-10	55.5
LABPAKCO_02752	HKIDPCCJ_00048	32.4	442	293	4	1	440	1	438	6.19e-73	232
LABPAKCO_02752	HKIDPCCJ_01715	26.9	454	296	12	1	437	1	435	5.17e-35	131
